274.8 119.86 238.01 185.12 237.07 145.38 257.01 275.69 130.97 104.98 220.45 155.6 258.43 118.78 292.1 143.59 222.88 223.95 200.67 298.03 172.69 282.16 192.68 106.8 288.84 112.09 223.45 219.08 199.51 228.88 
228.46 259.51 240.13 267.59 227.47 154.44 276.63 252.86 136.04 244.64 222.16 139.16 178.67 203.56 241.13 220.71 173.02 175.08 148.52 175.45 111.58 130.09 163.87 194.22 299.64 140.49 163.17 128.49 177.89 276.12 
264.41 277.78 156.08 148.89 104.75 103.45 124.53 251.86 161.67 160.89 265.81 213.57 159.93 256.34 221.92 220.78 205.31 126.6 293.8 213.08 284.9 124.69 230.33 119.5 177.23 199.44 252.74 145.45 272.24 285.73 
155.05 188.03 222.89 193.54 283.2 164.49 241.64 153.21 106.68 279.65 233.84 264.12 232.71 134.9 177.16 113.51 257.89 262.72 241.16 298.98 107.81 225.04 249.3 155.46 145.82 123.26 258.35 128.99 276.37 113.85 
176.33 135.44 149.6 123.25 103.61 186.72 119.1 161.25 172.28 271.2 108.4 111.47 231.22 199.61 155.14 170.81 119.31 246.32 289.53 148.83 213.81 249.35 225.82 107.48 112.86 217.5 272.56 131.2 175.85 190.49 
276.92 174.76 216.71 101.8 128.36 144.3 197.04 128.92 166.1 276.76 105.55 250.61 291.2 124.78 193.74 271.14 215.65 107.94 290.78 150.32 114.89 116.68 276.1 206.86 212.12 173.67 299.5 179 126.29 188.85 
116.66 162.13 133.25 116.84 118.76 141.38 140.68 178.38 134.48 283.78 283 271.72 265.58 153.37 282.22 106.06 241.99 272.73 211.1 114.36 134.91 284.53 151.74 259.4 101.44 247.78 255.6 103.3 246.19 254.35 
269.55 121.92 113.21 157.9 189.32 232.78 126.29 166.65 100.15 154.78 204.67 287.6 141.96 271.55 121.43 138.49 257.53 277.74 120.29 280.32 261.96 177.22 214.87 228.36 143.61 111.98 208.83 152.07 264.36 267.16 
207.61 147.34 224.78 104 202.08 259.81 146.68 250.5 243.18 123.33 296.44 158.35 169.78 272.09 207.53 299.95 248.3 204.74 298.3 207.63 126.27 290.07 178.84 169.76 222.14 124.77 199.58 178.91 211.6 250.61 
138.85 295.26 174.34 226.24 264.09 101.07 281.34 130.64 153.17 181.63 294.53 291.76 293.81 235.8 273.83 161.1 286.79 286.26 197.77 251.75 198.97 251.01 203.23 280.75 180.98 208.89 103.07 245.18 215.55 127.81 
165.58 139.95 205.62 129.33 207.16 126.8 258.31 159.31 118.39 108.97 188.45 224.43 141.23 261.11 257.68 265.36 108.14 158.06 184.56 151 154.38 277.67 126.95 293.65 219.8 294.06 112.71 229.35 186.76 261.98 
103.91 260.48 266.69 281.12 291.64 260.51 127.59 273.07 228.06 161.9 121.82 270.79 221.09 179.21 194.5 119.06 218.07 259.19 254.47 177.68 112.87 198.03 176.86 266.34 251.12 128.51 192.73 137.22 269.17 220.41 
243.86 248.56 102.99 195.79 278.81 244.91 225.22 121.1 282.55 213.75 251.97 243.54 115.47 243.51 136.75 174.36 244.49 168.15 210.42 241.16 167.89 106.67 217.65 147.53 278.2 137.03 150.08 295.33 114.22 272.73 
152.32 155.8 156.7 167.13 157.71 152.53 138.54 213.18 277.74 210.63 192.91 173.46 257.12 171.55 248.48 243.69 247.87 298.61 230.58 189.91 277.95 148.76 174.5 291.09 279.18 240.41 184.93 285.88 172.4 272.09 
123.2 289.42 277.84 183.89 228.95 232.43 206.59 108.01 246.2 211.68 233.36 228.52 162 202.7 197.04 119.61 240.19 250.71 181.49 238.02 122.49 190.71 204.84 248.28 290.26 266.45 199.71 228.97 101.4 136.04 
109.76 120.13 105.2 271.89 195.62 127.88 253.94 108.25 221.92 233.38 249.02 298.27 293.26 119.76 235.3 120.14 248.25 234.34 161.55 196.66 232.64 141.74 243.35 214.2 196.37 155.95 197.49 223.86 195.99 206.74 
275.66 244.31 191.78 221.64 154.79 103.91 199.03 253.43 259.24 113.23 292.51 285.33 249.94 226.04 236.41 211.87 147.87 111.85 230.16 287.92 167.9 198.98 142.73 101.72 136.65 140.93 190.98 215.41 186.23 194.71 
158.08 299.88 173.72 229.03 127.04 240.02 104.38 142.26 233.28 174.1 232.22 258.67 156.05 168.55 285.38 248.31 127.04 216.47 259.49 258.68 192.9 218.78 241.95 198.21 266.18 197.01 245.4 196.74 291.59 179.33 
242.02 223.91 206.39 153.03 102.15 144.03 229.44 118.22 286.29 190.93 192.15 248.63 229.87 250.67 188.68 255.24 187.9 260.65 287.01 291.66 253.53 145.98 242.8 140.59 142.67 158.63 208.42 160.57 170.61 216.02 
131.06 231.72 101.35 143.11 242.16 203.6 239.69 287.85 249.67 272.77 256.06 184.85 125.32 257.89 142.47 121.8 282.57 275.67 299.29 194.09 107.88 114.66 191.2 273.18 139.36 113.79 211.28 199.93 251.24 196.4 
294.96 134.66 284.52 185.94 170.62 269.82 256.25 281.04 266.56 270.67 265.72 115.58 253.36 269.15 152.93 297.47 239.13 159.31 295.48 166.17 226.31 166.82 284.62 269.47 257.37 199.56 146.31 212.69 122.21 224.66 
129.57 156.22 296.2 178.13 124.93 127.79 213.98 108.97 200.06 276.85 170.68 249.39 216.45 240.23 270.63 132.91 191.24 153.39 278.05 259.94 231.9 245.24 293.21 150.51 102.52 249.01 217.82 226.37 191.64 227.57 
153.54 236.88 217.8 135.32 221.15 177.09 140.31 265.61 161.64 136.47 169.18 142.78 208.02 114.64 243.41 183.98 174.64 211.97 113.24 251.06 127.98 142.22 222.79 179.44 197.86 297.64 298.14 246.19 274.12 239.36 
114.22 115.6 282.55 297.71 132.4 167 152.39 187.69 217.25 139.25 228.23 244.28 245.23 247.83 227.95 294.17 127.62 112.66 201.9 142.31 212.01 126.3 229.92 153.93 189.3 205.42 225.14 183.13 157.1 211.9 
132.23 170.3 256.05 139.84 153.03 267.13 186.41 244.32 211.58 162.54 188.33 111.54 185.88 230.45 200.19 293.92 143.1 148.81 238.06 247.41 102.42 223.5 116.48 212.92 171.55 128.73 206.98 246.97 114.98 170.71 
246.86 230.17 135.66 106.44 282.28 116.66 169.52 157.21 298.26 284.44 256.8 147.48 122.39 235.57 292.98 159.77 166.28 244.17 150.4 152.98 294.77 279.07 160.91 260.33 282.18 279.08 179.77 201.66 248.78 122.29 
261.16 157.14 199.2 254.89 180.8 251.83 290.37 203.98 295.63 115.9 244.23 269.72 190.26 161.36 191.01 293.57 177.79 239.13 149.98 177.67 184.64 144.97 291.88 189.74 206.82 175.99 208.98 131.76 190.91 200.16 
143.02 167.81 178.31 125.77 116.64 196.25 287.69 116.36 220.94 101.9 258.48 232.35 126.96 181.65 267.65 277.89 288.05 187.59 165.39 197.88 173.94 243.12 184.32 266.17 265.6 134.63 144.1 213.22 187.13 152.01 
297.63 176.88 128.28 282.02 158.12 123.17 229.13 293.58 153.12 255.97 204.39 210.31 116.38 292.39 102.54 266.25 138.52 195.66 220.34 134.64 126.01 120.12 212.42 129.88 231.72 101.74 160.87 195.83 127.53 145.09 
177.09 204.61 257.97 192.07 195.45 284.34 252.87 140.95 291.95 152.77 185.26 266.02 223.87 208.29 226.19 175.07 156.14 289.71 207.78 143.45 202.09 288.51 181.85 131.27 251.91 184.46 218.35 199.77 169.19 132.72 