9068.4 7539.18 8725.53 5116.65 5818.89 9138.36 3849.78 8895.15 6851.13 4582.05 5464.14 3429.03 8047.38 5026.56 4065.6 3622.08 9096.78 5216.64 7986.66 4324.98 9733.68 4275.81 5066.82 3769.26 4363.59 8146.38 8618.28 4719.66 9821.79 5843.97 
3955.38 8563.83 9166.74 6204.99 4469.52 5767.08 5350.29 4023.36 4862.22 9743.58 4618.35 8595.84 8202.48 5141.4 9550.86 3964.29 8062.23 9896.04 7389.03 7646.76 4443.78 5155.26 7817.04 3814.8 5619.9 7595.61 5185.62 5537.73 5837.04 6752.13 
7854.33 7924.29 5150.64 7355.37 4936.8 7151.43 4397.25 3735.93 7417.74 5753.22 6785.46 8800.77 3398.67 5171.1 9168.72 3471.6 6328.74 5732.76 6810.87 3344.55 9389.16 9774.6 7187.4 9324.15 8449.65 4476.78 6573.6 5884.23 4233.24 8513.01 
6108.96 8830.47 4913.37 6386.82 4067.25 3359.4 3855.72 5210.7 3432 7465.92 4267.89 9276.96 6461.07 5515.29 6068.37 8972.37 7314.12 7557.99 5049.99 4722.63 6136.02 5878.29 4465.56 9824.43 4614.72 3512.52 8411.37 4150.41 9306.66 6338.31 
7823.31 7506.51 3456.75 9345.6 3419.13 4235.88 3919.08 6247.56 6668.64 8714.97 6836.28 9624.12 9200.73 5204.43 7555.35 6455.46 5108.07 4192.32 3370.95 7991.28 5630.46 4122.69 7297.95 4369.2 5049.99 9315.24 5966.4 3849.12 5217.96 6449.85 
4797.54 5096.52 3413.85 5428.17 6161.76 4761.9 4665.54 7681.74 8573.73 3335.31 4184.4 8596.83 8082.03 5033.49 7670.19 4220.04 3429.03 7920.66 4752.99 6718.8 8904.06 4217.07 5843.97 5511 8815.29 3849.78 8310.39 6476.25 4064.61 9383.22 
8481.33 9128.79 4109.49 7974.12 3930.3 6502.32 4642.44 4167.57 4840.44 9284.22 8524.23 4210.47 7432.26 4571.82 6817.47 8380.02 6567.99 3444.54 7571.52 7909.77 8456.25 7061.34 4630.23 5028.87 6151.53 5594.16 9582.21 9493.77 7561.29 8344.71 
9097.77 8344.38 8311.38 5055.93 5321.25 4254.36 5886.54 5499.45 8266.5 4311.12 5257.23 9011.31 3996.3 7034.94 3564.33 3572.25 8363.19 4694.58 3901.26 9499.05 9274.32 3596.01 8765.13 6193.77 8062.56 5187.93 6731.34 3839.88 9688.14 4651.35 
4322.01 4489.32 5335.11 3520.44 5685.24 5481.3 4437.84 3304.95 8024.94 5054.61 3906.87 7525.98 9324.15 9165.42 8124.6 7323.36 8554.92 7698.24 9447.57 8239.11 8796.48 6601.98 5334.12 7169.25 6982.14 9842.58 9755.79 7291.02 5052.96 9634.35 
3464.34 8073.12 5309.37 9228.45 8949.6 9133.08 9364.74 5107.74 4069.89 5993.79 3596.01 5342.7 7053.75 6950.79 6985.44 7701.54 3736.59 5745.3 6300.69 9001.41 8932.11 9136.05 4503.51 4595.25 5363.82 9386.52 3824.7 3362.7 8447.01 5041.41 
7274.85 7331.28 8771.73 7716.72 3577.2 3483.15 9339 6754.11 9782.52 9719.49 6218.85 4020.06 8315.01 6366.03 7700.88 8217.66 9652.83 7663.26 6340.95 8449.98 8768.76 5632.44 5582.94 7531.59 6214.89 8474.4 8059.59 8529.84 6744.87 6113.58 
5134.8 4592.28 7047.81 8715.96 3678.51 8270.13 8966.76 9490.8 5225.55 9628.08 7406.19 8936.07 8036.82 5724.18 7541.16 9842.91 9415.89 8536.11 8204.79 6100.05 3814.14 8229.87 4711.74 8061.24 3680.82 4866.84 8900.76 7667.55 6940.23 8778.66 
8528.19 5896.11 5277.69 7679.43 7630.26 9609.6 8764.14 4684.68 5602.74 9695.73 4660.59 7295.97 3810.51 8484.96 5346 9677.58 8248.02 5149.65 7585.71 4135.56 8360.88 7142.85 6864.66 8092.59 6134.04 4038.87 6278.58 4189.68 3840.54 7387.71 
3919.74 6717.48 8459.22 4451.7 6587.13 4117.74 5061.21 8961.15 8978.97 7781.4 8616.63 5913.93 8035.83 5661.15 6689.1 3952.08 7459.32 5562.15 8272.11 8510.37 8881.95 7927.59 3783.12 8178.39 7604.85 7773.81 5324.88 5994.45 9648.87 6873.57 
9639.3 7957.29 7323.36 5846.28 5119.62 6393.42 9313.26 4007.19 6848.49 9036.39 8503.44 6418.5 4512.75 8199.84 6502.32 7764.9 7801.53 9417.54 6226.44 4701.51 5046.69 8930.79 8032.53 7522.35 6606.27 9668.34 6303.33 8832.45 3383.82 7464.27 
4738.47 7283.43 7285.74 3745.83 5636.73 8947.62 3499.98 4570.17 9898.35 5316.3 8756.88 3928.98 5753.88 8041.77 3947.13 3964.62 6991.71 8194.23 8422.92 4019.4 9816.51 4386.03 6071.34 9707.61 9699.36 5272.41 9687.81 9170.37 8786.25 5777.31 
7355.04 5709.66 6775.23 8510.37 3937.23 7116.45 7985.67 8498.49 8193.9 9464.07 3568.62 7196.31 8068.17 8179.71 7926.27 8192.25 4879.71 4192.32 6200.7 9324.81 7891.29 6310.92 5763.12 4211.46 4722.3 5487.24 5867.07 9505.65 4571.16 5152.62 
7390.35 5777.64 4177.8 8669.76 8128.56 3562.02 9000.09 9165.42 6756.42 9446.58 5215.98 8553.27 5548.95 9854.13 8273.43 7733.22 3691.05 7143.51 8601.45 9097.11 5257.23 5061.87 6995.01 3717.78 4910.73 8057.61 7891.29 6190.47 6456.78 9560.43 
6622.11 4901.16 9695.4 7958.28 9554.49 9595.74 6966.3 3969.57 9843.9 6526.41 6090.48 8397.51 6943.86 7609.14 5989.17 5331.15 7595.28 8563.17 9471.33 9876.57 9750.84 9175.65 3736.92 6662.7 7855.98 4963.2 4949.34 5457.87 7271.22 6856.74 
9834.99 5789.85 7031.64 9866.34 4911.39 4960.56 3773.88 9250.56 6851.79 8307.75 4983 5863.44 7958.28 6267.03 7854.66 6489.78 9501.36 8536.44 9624.78 6404.97 5483.61 8578.02 8284.98 4696.23 8164.53 5048.34 5863.11 6530.04 4443.12 4733.85 
5698.77 3682.14 9401.7 3557.73 7055.73 3791.37 4452.03 8644.68 4166.91 6566.01 5094.54 3724.71 5540.37 9172.35 4042.17 7677.12 5540.7 6365.7 8366.49 3560.04 7468.23 7652.7 4223.34 6996.33 3379.86 9727.41 6093.12 5740.02 4158.33 6668.97 
9311.28 4292.97 4114.77 7426.32 8228.55 3850.44 9389.49 5848.26 9572.31 8283.33 9163.11 6534.99 3520.11 4909.08 6293.43 4677.42 6566.34 7219.74 4817.34 3783.78 5505.06 8092.92 4693.26 4167.9 7375.5 9209.31 4784.01 8022.96 3963.96 9520.83 
6358.44 5407.71 7600.89 8226.9 7452.06 9111.3 5007.42 7090.71 5901.72 6706.59 4189.35 5836.38 7182.45 5758.5 6759.72 8030.55 4710.09 7984.35 8012.4 6309.6 9392.46 9675.93 7352.07 7587.36 3843.84 5310.03 9632.04 6082.56 7009.86 6001.05 
3524.4 6409.26 3943.5 5130.18 3546.84 6826.38 8560.2 7535.88 5602.08 9264.75 9690.45 8789.22 4868.49 9605.97 8193.24 7068.6 3356.76 6540.93 4639.47 9014.94 8892.51 4966.83 5921.52 5079.69 7026.36 8590.89 6261.42 8783.61 4286.04 4331.91 
9531.72 9888.12 5848.59 4812.06 3724.38 6999.96 3347.52 4739.13 7330.62 5972.34 7253.4 8286.96 9180.6 9212.94 9578.58 6480.21 4509.45 8783.94 4708.11 4598.88 8493.21 3383.16 6529.38 6246.9 5661.15 9311.94 6825.06 8764.8 7646.76 8313.03 
3698.97 4636.17 6581.52 4067.58 7177.5 5731.11 8176.74 3695.34 4117.41 6893.37 9703.98 4240.83 4521.99 7933.53 8792.85 5146.35 4650.69 6501.33 5234.79 3755.07 6585.48 8217.33 9822.12 6778.86 4248.09 9209.64 5807.67 4442.79 3357.42 6087.18 
7373.85 5384.61 8340.42 8525.55 8994.48 9883.5 8434.8 6891.39 6586.14 3401.31 3719.43 6360.09 4952.64 6102.69 6590.43 6517.17 6302.34 8098.2 6877.86 6972.24 4828.23 7188.06 9838.62 7429.62 6830.34 5932.41 6896.34 4755.3 5308.71 7205.55 
7229.64 4240.17 4799.85 4256.67 4329.6 5907 3408.9 5018.31 5904.03 8090.94 7568.55 4528.26 9745.89 9434.04 7556.01 7387.38 7108.53 6492.42 5298.81 6597.69 7018.77 7470.21 8124.27 6043.29 8150.01 6654.78 4348.08 7036.26 6462.39 6592.41 
6583.83 5870.37 8983.92 9120.21 5803.05 4167.57 8124.27 8723.88 6982.8 7113.15 6163.08 8882.61 3769.26 5689.2 3346.2 6467.67 6145.59 9622.47 5630.13 8290.92 4032.93 6324.12 9045.96 5184.3 3794.34 8209.74 6300.03 6175.29 4208.49 5583.27 
7553.04 9111.96 9429.09 3757.05 6286.17 6232.05 8393.55 8816.28 8270.13 4217.73 8645.34 7273.53 9000.09 8978.97 4489.32 6822.42 6425.43 5917.89 7128.66 6481.2 7413.78 7509.81 7898.88 6992.7 5633.43 4035.57 6605.28 5016.33 4787.97 4379.76 