274.80 228.46 264.41 155.05 176.33 276.92 116.66 269.55 207.61 138.85 165.58 103.91 243.86 152.32 123.20 109.76 275.66 158.08 242.02 131.06 294.96 129.57 153.54 114.22 132.23 246.86 261.16 143.02 297.63 177.09
119.86 259.51 277.78 188.03 135.44 174.76 162.13 121.92 147.34 295.26 139.95 260.48 248.56 155.80 289.42 120.13 244.31 299.88 223.91 231.72 134.66 156.22 236.88 115.60 170.30 230.17 157.14 167.81 176.88 204.61
238.01 240.13 156.08 222.89 149.60 216.71 133.25 113.21 224.78 174.34 205.62 266.69 102.99 156.70 277.84 105.20 191.78 173.72 206.39 101.35 284.52 296.20 217.80 282.55 256.05 135.66 199.20 178.31 128.28 257.97
185.12 267.59 148.89 193.54 123.25 101.80 116.84 157.90 104.00 226.24 129.33 281.12 195.79 167.13 183.89 271.89 221.64 229.03 153.03 143.11 185.94 178.13 135.32 297.71 139.84 106.44 254.89 125.77 282.02 192.07
237.07 227.47 104.75 283.20 103.61 128.36 118.76 189.32 202.08 264.09 207.16 291.64 278.81 157.71 228.95 195.62 154.79 127.04 102.15 242.16 170.62 124.93 221.15 132.40 153.03 282.28 180.80 116.64 158.12 195.45
145.38 154.44 103.45 164.49 186.72 144.30 141.38 232.78 259.81 101.07 126.80 260.51 244.91 152.53 232.43 127.88 103.91 240.02 144.03 203.60 269.82 127.79 177.09 167.00 267.13 116.66 251.83 196.25 123.17 284.34
257.01 276.63 124.53 241.64 119.10 197.04 140.68 126.29 146.68 281.34 258.31 127.59 225.22 138.54 206.59 253.94 199.03 104.38 229.44 239.69 256.25 213.98 140.31 152.39 186.41 169.52 290.37 287.69 229.13 252.87
275.69 252.86 251.86 153.21 161.25 128.92 178.38 166.65 250.50 130.64 159.31 273.07 121.10 213.18 108.01 108.25 253.43 142.26 118.22 287.85 281.04 108.97 265.61 187.69 244.32 157.21 203.98 116.36 293.58 140.95
130.97 136.04 161.67 106.68 172.28 166.10 134.48 100.15 243.18 153.17 118.39 228.06 282.55 277.74 246.20 221.92 259.24 233.28 286.29 249.67 266.56 200.06 161.64 217.25 211.58 298.26 295.63 220.94 153.12 291.95
104.98 244.64 160.89 279.65 271.20 276.76 283.78 154.78 123.33 181.63 108.97 161.90 213.75 210.63 211.68 233.38 113.23 174.10 190.93 272.77 270.67 276.85 136.47 139.25 162.54 284.44 115.90 101.90 255.97 152.77
220.45 222.16 265.81 233.84 108.40 105.55 283.00 204.67 296.44 294.53 188.45 121.82 251.97 192.91 233.36 249.02 292.51 232.22 192.15 256.06 265.72 170.68 169.18 228.23 188.33 256.80 244.23 258.48 204.39 185.26
155.60 139.16 213.57 264.12 111.47 250.61 271.72 287.60 158.35 291.76 224.43 270.79 243.54 173.46 228.52 298.27 285.33 258.67 248.63 184.85 115.58 249.39 142.78 244.28 111.54 147.48 269.72 232.35 210.31 266.02
258.43 178.67 159.93 232.71 231.22 291.20 265.58 141.96 169.78 293.81 141.23 221.09 115.47 257.12 162.00 293.26 249.94 156.05 229.87 125.32 253.36 216.45 208.02 245.23 185.88 122.39 190.26 126.96 116.38 223.87
118.78 203.56 256.34 134.90 199.61 124.78 153.37 271.55 272.09 235.80 261.11 179.21 243.51 171.55 202.70 119.76 226.04 168.55 250.67 257.89 269.15 240.23 114.64 247.83 230.45 235.57 161.36 181.65 292.39 208.29
292.10 241.13 221.92 177.16 155.14 193.74 282.22 121.43 207.53 273.83 257.68 194.50 136.75 248.48 197.04 235.30 236.41 285.38 188.68 142.47 152.93 270.63 243.41 227.95 200.19 292.98 191.01 267.65 102.54 226.19
143.59 220.71 220.78 113.51 170.81 271.14 106.06 138.49 299.95 161.10 265.36 119.06 174.36 243.69 119.61 120.14 211.87 248.31 255.24 121.80 297.47 132.91 183.98 294.17 293.92 159.77 293.57 277.89 266.25 175.07
222.88 173.02 205.31 257.89 119.31 215.65 241.99 257.53 248.30 286.79 108.14 218.07 244.49 247.87 240.19 248.25 147.87 127.04 187.90 282.57 239.13 191.24 174.64 127.62 143.10 166.28 177.79 288.05 138.52 156.14
223.95 175.08 126.60 262.72 246.32 107.94 272.73 277.74 204.74 286.26 158.06 259.19 168.15 298.61 250.71 234.34 111.85 216.47 260.65 275.67 159.31 153.39 211.97 112.66 148.81 244.17 239.13 187.59 195.66 289.71
200.67 148.52 293.80 241.16 289.53 290.78 211.10 120.29 298.30 197.77 184.56 254.47 210.42 230.58 181.49 161.55 230.16 259.49 287.01 299.29 295.48 278.05 113.24 201.90 238.06 150.40 149.98 165.39 220.34 207.78
298.03 175.45 213.08 298.98 148.83 150.32 114.36 280.32 207.63 251.75 151.00 177.68 241.16 189.91 238.02 196.66 287.92 258.68 291.66 194.09 166.17 259.94 251.06 142.31 247.41 152.98 177.67 197.88 134.64 143.45
172.69 111.58 284.90 107.81 213.81 114.89 134.91 261.96 126.27 198.97 154.38 112.87 167.89 277.95 122.49 232.64 167.90 192.90 253.53 107.88 226.31 231.90 127.98 212.01 102.42 294.77 184.64 173.94 126.01 202.09
282.16 130.09 124.69 225.04 249.35 116.68 284.53 177.22 290.07 251.01 277.67 198.03 106.67 148.76 190.71 141.74 198.98 218.78 145.98 114.66 166.82 245.24 142.22 126.30 223.50 279.07 144.97 243.12 120.12 288.51
192.68 163.87 230.33 249.30 225.82 276.10 151.74 214.87 178.84 203.23 126.95 176.86 217.65 174.50 204.84 243.35 142.73 241.95 242.80 191.20 284.62 293.21 222.79 229.92 116.48 160.91 291.88 184.32 212.42 181.85
106.80 194.22 119.50 155.46 107.48 206.86 259.40 228.36 169.76 280.75 293.65 266.34 147.53 291.09 248.28 214.20 101.72 198.21 140.59 273.18 269.47 150.51 179.44 153.93 212.92 260.33 189.74 266.17 129.88 131.27
288.84 299.64 177.23 145.82 112.86 212.12 101.44 143.61 222.14 180.98 219.80 251.12 278.20 279.18 290.26 196.37 136.65 266.18 142.67 139.36 257.37 102.52 197.86 189.30 171.55 282.18 206.82 265.60 231.72 251.91
112.09 140.49 199.44 123.26 217.50 173.67 247.78 111.98 124.77 208.89 294.06 128.51 137.03 240.41 266.45 155.95 140.93 197.01 158.63 113.79 199.56 249.01 297.64 205.42 128.73 279.08 175.99 134.63 101.74 184.46
223.45 163.17 252.74 258.35 272.56 299.50 255.60 208.83 199.58 103.07 112.71 192.73 150.08 184.93 199.71 197.49 190.98 245.40 208.42 211.28 146.31 217.82 298.14 225.14 206.98 179.77 208.98 144.10 160.87 218.35
219.08 128.49 145.45 128.99 131.20 179.00 103.30 152.07 178.91 245.18 229.35 137.22 295.33 285.88 228.97 223.86 215.41 196.74 160.57 199.93 212.69 226.37 246.19 183.13 246.97 201.66 131.76 213.22 195.83 199.77
199.51 177.89 272.24 276.37 175.85 126.29 246.19 264.36 211.60 215.55 186.76 269.17 114.22 172.40 101.40 195.99 186.23 291.59 170.61 251.24 122.21 191.64 274.12 157.10 114.98 248.78 190.91 187.13 127.53 169.19
228.88 276.12 285.73 113.85 190.49 188.85 254.35 267.16 250.61 127.81 261.98 220.41 272.73 272.09 136.04 206.74 194.71 179.33 216.02 196.40 224.66 227.57 239.36 211.90 170.71 122.29 200.16 152.01 145.09 132.72